502 505
489 515
496 498
501 516
508 506
499 496
484 512
504 509
507 498
482 488
497 523
488 498
504 493
493 514
494 501
497 519
505 491
490 502
500 512
513 514
489 499
507 492
479 483
510 489
489 518
501 503
496 514
500 488
505 476
507 483
513 507
505 520
502 488
503 508
530 495
514 508
488 496
484 492
497 486
511 491
485 508
505 490
510 494
502 481
498 496
514 500
488 505
487 489
505 496
495 520
497 484
519 499
506 498
511 502
508 494
498 514
484 496
503 504
494 494
518 505
517 503
493 503
496 497
497 499
496 505
490 496
502 515
503 503
496 515
503 509
501 489
489 495
485 489
498 493
510 507
511 500
509 511
508 494
509 518
483 498
488 495
499 499
487 516
494 496
502 492
499 490
501 509
495 509
485 502
513 512
505 494
501 503
508 496
502 494
493 518
478 485
502 505
486 516
500 522
517 502
494 502
508 503
482 512
483 492
488 502
496 498
525 502
510 490
490 508
500 505
499 506
508 504
488 508
499 502
495 499
509 510
510 502
491 503
487 502
517 517
494 504
493 503
508 473
497 488
468 506
496 504
502 510
502 489
493 488
524 494
491 491
503 500
495 503
496 497
500 492
511 502
515 527
503 497
501 487
505 507
506 489
496 491
489 506
494 491
498 489
502 480
515 492
499 503
518 497
491 486
502 490
491 504
495 507
512 510
514 495
475 485
490 490
482 504
508 491
499 487
494 495
495 502
500 494
488 509
512 487
484 508
497 506
493 520
497 514
503 492
482 500
491 491
492 487
492 496
516 506
504 506
503 491
503 518
503 494
495 493
505 498
517 490
499 517
501 502
502 497
496 513
507 493
482 499
495 516
495 502
502 480
496 493
510 488
497 500
492 513
508 483
507 490
493 497
505 517
491 493
492 509
508 512
498 498
479 494
484 484
509 502
506 504
479 493
498 500
498 502
497 504
529 494
509 468
508 476
509 498
497 503
495 509
498 499
484 507
490 486
497 501
520 513
499 507
495 513
480 477
511 503
493 483
519 496
490 499
498 496
485 508
487 499
505 499
487 523
517 498
509 509
496 495
496 493
480 484
504 496
506 503
498 516
508 493
491 487
509 498
498 501
491 509
480 503
501 486
504 507
493 518
513 495
504 516
491 506
500 502
489 494
501 496
496 496
508 501
471 483
494 501
477 493
502 497
513 496
492 501
505 496
507 508
495 514
490 509
500 480
503 496
502 495
504 504
490 520
516 503
492 491
492 489
483 478
496 494
512 486
495 498
500 482
495 490
502 507
495 510
500 481
500 518
507 491
495 485
500 500
510 491
481 499
495 474
504 487
507 519
514 492
477 490
499 489
503 484
509 495
518 488
513 496
509 502
509 500
498 499
497 509
505 510
502 484
492 518
491 492
484 505
494 506
479 481
486 493
510 510
503 497
506 507
504 506
505 487
515 496
523 511
509 497
496 509
499 497
507 509
507 494
481 520
507 501
497 474
498 496
507 483
488 497
515 482
508 503
515 509
494 500
492 481
485 517
490 491
484 489
503 492
511 499
514 488
508 498
494 496
500 521
509 482
511 511
508 508
506 486
503 505
491 510
502 501
507 510
519 518
507 498
511 500
497 503
506 504
500 501
502 489
493 473
506 495
505 493
510 484
508 529
484 489
507 493
492 507
497 510
500 512
493 498
509 510
505 499
500 506
498 480
504 495
495 502
495 503
489 512
484 490
486 499
505 497
504 500
490 511
499 507
482 488
496 498
504 499
499 512
497 492
495 484
504 503
506 496
529 505
489 499
496 508
488 505
503 499
495 478
506 499
507 510
506 496
516 494
492 513
494 497
494 500
497 499
496 506
502 492
501 483
488 508
498 483
496 483
495 491
497 498
508 497
507 495
502 484
505 485
505 513
494 500
502 487
499 499
496 502
494 491
503 497
514 492
478 509
511 504
493 520
497 500
496 507
527 489
510 498
501 506
500 503
501 499
497 487
493 500
503 493
507 498
514 505
501 510
489 502
494 485
497 501
505 503
504 498
527 479
488 478
517 505
500 508
491 505
501 488
491 498
510 495
512 498
502 509
495 499
486 503
482 495
505 502
481 504
492 479
497 497
488 518
492 503
503 507
498 492
491 504
496 493
485 513
496 495
499 501
486 522
508 516
504 516
494 499
482 503
500 503
490 501
517 505
524 493
511 489
485 505
472 501
495 492
514 495
506 497
520 491
509 520
481 510
498 489
481 509
508 495
503 491
515 515
487 519
483 504
485 487
494 509
487 491
502 505
512 506
506 489
517 493
511 512
497 512
506 493
496 499
515 505
504 507
487 493
506 499
490 497
512 514
486 509
494 483
503 520
496 499
505 524
503 496
485 507
485 503
498 493
500 514
500 511
501 485
514 502
504 489
507 496
500 506
513 509
498 478
514 496
516 477
488 490
500 501
496 500
477 490
465 481
504 496
494 487
510 503
499 502
494 486
492 492
494 490
481 509
516 506
484 500
510 480
507 503
509 491
504 494
507 506
485 490
488 499
502 478
505 492
500 514
494 512
521 487
502 493
497 520
487 493
492 489
489 504
492 492
495 499
500 506
529 490
509 488
508 498
494 492
485 506
481 498
492 494
499 520
497 506
490 491
486 506
499 493
500 495
507 502
499 500
495 500
492 496
511 501
482 497
510 508
491 499
505 503
505 512
500 512
502 513
518 502
498 502
493 488
497 491
488 482
490 490
499 494
504 489
494 502
504 515
507 512
506 507
489 501
502 520
511 502
512 508
495 504
499 503
503 495
507 487
512 498
498 512
504 498
485 503
510 493
491 521
488 500
499 516
495 484
514 500
525 502
493 502
507 511
503 508
497 488
522 499
487 509
503 507
508 503
485 486
489 505
504 520
483 512
502 485
513 492
511 508
502 501
499 502
499 497
528 509
490 496
507 499
492 494
509 504
510 514
495 511
517 479
496 502
492 507
518 503
497 499
507 478
506 494
482 498
495 503
491 489
488 505
511 498
500 499
518 517
492 493
488 499
499 504
498 486
496 508
509 468
495 507
502 488
505 478
495 505
494 503
504 492
499 501
491 479
491 517
501 489
603 592
598 592
617 586
598 598
599 602
592 589
580 605
618 614
604 593
591 605
615 606
618 614
616 604
605 603
608 612
606 604
591 612
589 605
590 615
601 599
605 598
601 607
600 609
621 600
568 599
603 606
603 589
584 603
606 607
602 593
606 596
594 613
594 600
604 587
592 594
606 595
587 604
606 605
592 607
627 609
599 586
587 592
616 601
600 599
595 621
595 589
605 599
587 607
609 589
592 593
595 599
586 600
606 612
607 604
610 603
590 602
598 586
594 590
595 593
610 602
586 604
589 586
579 595
618 584
605 592
593 610
601 610
605 585
594 594
592 581
603 597
590 602
609 575
590 605
613 595
596 616
584 592
593 582
576 594
597 608
609 600
587 617
602 591
610 599
596 613
588 588
610 597
589 601
608 582
616 609
591 607
601 594
590 605
596 607
592 592
593 622
608 608
591 599
594 609
594 602
600 599
595 607
601 597
603 597
582 608
596 589
608 591
594 600
620 601
607 597
590 618
611 590
583 595
602 610
598 588
608 616
606 616
605 611
613 632
608 589
584 593
589 596
612 592
593 591
607 602
602 591
594 594
591 589
596 599
597 604
593 616
607 587
592 587
601 616
613 602
603 593
587 589
608 586
609 601
600 620
615 600
613 578
600 603
594 598
602 591
591 607
601 597
601 594
576 608
585 606
607 579
594 593
587 592
617 582
592 603
595 596
595 609
602 607
607 600
585 597
585 600
577 606
597 605
608 606
581 604
612 604
597 593
597 605
615 612
595 598
611 621
594 603
595 594
591 604
577 585
596 596
609 599
597 605
587 607
593 599
605 602
602 595
595 597
601 605
602 610
602 597
594 576
611 612
596 612
591 594
603 600
607 584
598 611
604 589
600 588
591 618
614 608
621 582
590 615
601 603
612 617
612 589
584 600
605 592
599 589
619 593
604 615
594 598
602 597
594 613
619 613
590 603
608 609
597 604
586 611
603 590
596 595
585 592
600 619
601 609
594 597
602 600
593 602
601 591
611 606
608 600
602 590
608 614
607 599
604 589
578 592
596 597
603 611
595 605
601 601
589 591
602 580
601 597
607 613
594 589
604 597
604 612
603 609
586 615
603 598
603 600
600 603
584 607
596 573
606 615
616 606
599 613
598 609
600 612
594 602
609 581
614 609
613 617
601 590
602 611
605 612
596 600
594 617
602 598
606 606
588 598
607 585
616 573
601 593
615 613
595 595
598 620
585 592
611 604
609 600
605 606
603 600
623 597
596 603
603 628
595 594
603 589
584 593
611 593
602 590
597 619
591 596
598 620
597 594
585 610
593 587
590 601
593 612
594 586
609 610
597 598
614 605
609 599
599 616
576 599
598 605
599 600
606 600
615 615
601 607
592 603
589 589
605 607
593 596
603 609
588 609
599 600
604 584
593 597
590 599
593 595
594 588
583 608
607 582
605 596
602 606
609 608
598 583
621 580
606 588
602 599
607 601
594 590
626 595
597 596
598 604
596 609
585 592
597 612
601 576
606 591
611 586
592 587
610 592
586 604
605 601
605 611
602 595
593 584
605 609
587 585
594 599
593 607
601 594
585 600
598 586
600 596
607 610
604 611
587 595
586 597
604 615
593 592
609 593
617 617
592 616
615 595
594 591
600 584
597 602
600 610
595 615
600 588
613 582
611 608
599 618
600 594
592 586
606 618
589 611
597 594
605 614
603 597
596 622
611 596
607 591
607 599
588 596
600 608
597 596
577 599
601 611
605 607
584 584
589 615
599 600
602 603
587 594
602 598
594 603
613 615
598 577
592 612
597 601
599 601
605 598
596 593
594 620
590 592
602 608
612 615
584 597
596 583
602 596
586 598
580 608
605 598
603 583
606 595
606 593
608 600
592 600
590 600
625 612
589 580
600 601
604 612
591 608
599 598
618 594
589 619
590 596
600 591
613 606
598 598
596 594
627 594
588 594
619 604
583 588
589 581
596 605
580 588
598 603
603 611
603 590
607 595
601 590
608 594
607 612
605 593
603 600
594 604
605 610
611 599
586 599
593 614
585 592
600 589
600 578
606 593
590 586
593 606
611 590
609 599
588 586
618 591
610 592
612 602
593 596
590 581
609 582
593 609
601 585
599 592
598 603
613 612
602 606
615 597
598 582
598 592
606 624
602 596
597 605
605 611
604 620
604 602
592 575
580 607
594 590
593 613
578 593
597 597
601 584
596 619
584 612
611 606
607 596
605 596
591 598
609 599
597 590
605 612
606 588
602 604
594 613
598 612
618 589
596 585
593 593
595 614
607 610
600 596
600 594
602 603
611 596
598 602
619 598
574 601
613 580
607 609
607 577
594 602
604 590
604 598
603 615
609 603
618 612
599 620
588 610
613 605
591 593
609 615
601 596
592 584
597 589
600 600
604 599
601 606
604 591
608 595
601 617
608 592
615 605
599 609
600 611
603 586
602 607
600 605
590 616
604 598
608 610
613 621
586 594
575 594
606 602
599 609
609 602
600 600
601 612
597 595
603 600
598 598
580 618
593 596
600 581
588 608
589 594
606 585
579 611
603 611
584 591
606 609
596 611
594 627
584 606
608 595
599 614
617 604
601 588
602 590
594 583
614 594
602 595
594 597
610 601
585 620
591 600
597 596
579 599
600 599
609 616
596 609
593 597
600 600
607 590
605 602
620 615
584 599
599 595
587 608
596 609
597 609
590 603
597 617
590 628
598 592
587 601
610 582
600 592
595 580
584 607
608 601
590 599
604 586
594 597
596 603
596 607
604 600
606 605
610 590
608 596
604 580
606 611
616 610
586 595
613 599
600 589
582 593
587 609
607 606
602 587
626 599
599 596
598 586
604 587
595 590
597 591
597 578
613 585
593 600
608 600
620 606
606 609
612 614
591 597
589 591
604 613
601 610
595 598
606 592
610 590
589 591
611 603
630 613
599 605
599 590
613 603
606 603
594 591
599 600
601 604
608 602
613 613
603 603
607 600
609 609
611 590
590 605
598 607
604 590
608 597
603 576
597 588
618 602
592 608
572 593
600 602
587 598
603 618
592 602
605 579
596 622
617 592
595 606
592 600
610 580
