0 0
0.025133 0.02513
0.050265 0.050244
0.075398 0.075327
0.100531 0.100362
0.125664 0.125333
0.150796 0.150226
0.175929 0.175023
0.201062 0.19971
0.226195 0.224271
0.251327 0.24869
0.27646 0.272952
0.301593 0.297042
0.326726 0.320944
0.351858 0.344643
0.376991 0.368125
0.402124 0.391374
0.427257 0.414376
0.452389 0.437116
0.477522 0.45958
0.502655 0.481754
0.527788 0.503623
0.55292 0.525175
0.578053 0.546394
0.603186 0.567269
0.628319 0.587785
0.653451 0.60793
0.678584 0.627691
0.703717 0.647056
0.728849 0.666012
0.753982 0.684547
0.779115 0.70265
0.804248 0.720309
0.82938 0.737513
0.854513 0.754251
0.879646 0.770513
0.904779 0.786288
0.929911 0.801567
0.955044 0.816339
0.980177 0.830596
0.00531 0.844328
0.030442 0.857527
0.055575 0.870184
0.080708 0.882291
0.105841 0.893841
0.130973 0.904827
0.156106 0.915241
0.181239 0.925077
0.206372 0.934329
0.231504 0.942991
0.256637 0.951057
0.28177 0.958522
0.306903 0.965382
0.332035 0.971632
0.357168 0.977268
0.382301 0.982287
0.407434 0.986686
0.432566 0.990461
0.457699 0.993611
0.482832 0.996134
0.507964 0.998027
0.533097 0.999289
0.55823 0.999921
0.583363 0.999921
0.608495 0.999289
0.633628 0.998027
0.658761 0.996134
0.683894 0.993611
0.709026 0.990461
0.734159 0.986686
0.759292 0.982287
0.784425 0.977268
0.809557 0.971632
0.83469 0.965382
0.859823 0.958522
0.884956 0.951057
0.910088 0.942991
0.935221 0.934329
0.960354 0.925077
0.985487 0.915241
0.010619 0.904827
0.035752 0.893841
0.060885 0.882291
0.086018 0.870184
0.11115 0.857527
0.136283 0.844328
0.161416 0.830596
0.186548 0.816339
0.211681 0.801567
0.236814 0.786288
0.261947 0.770513
0.287079 0.754251
0.312212 0.737513
0.337345 0.720309
0.362478 0.70265
0.38761 0.684547
0.412743 0.666012
0.437876 0.647056
0.463009 0.627691
0.488141 0.60793
0.513274 0.587785
0.538407 0.567269
0.56354 0.546394
0.588672 0.525175
0.613805 0.503623
0.638938 0.481754
0.664071 0.45958
0.689203 0.437116
0.714336 0.414376
0.739469 0.391374
0.764602 0.368125
0.789734 0.344643
0.814867 0.320944
0.84 0.297042
0.865133 0.272952
0.890265 0.24869
0.915398 0.224271
0.940531 0.19971
0.965663 0.175023
0.990796 0.150226
0.015929 0.125333
0.041062 0.100362
0.066194 0.075327
0.091327 0.050244
0.11646 0.02513
0.141593 0
0.166725 -0.02513
0.191858 -0.050244
0.216991 -0.075327
0.242124 -0.100362
0.267256 -0.125333
0.292389 -0.150226
0.317522 -0.175023
0.342655 -0.19971
0.367787 -0.224271
0.39292 -0.24869
0.418053 -0.272952
0.443186 -0.297042
0.468318 -0.320944
0.493451 -0.344643
0.518584 -0.368125
0.543717 -0.391374
0.568849 -0.414376
0.593982 -0.437116
0.619115 -0.45958
0.644247 -0.481754
0.66938 -0.503623
0.694513 -0.525175
0.719646 -0.546394
0.744778 -0.567269
0.769911 -0.587785
0.795044 -0.60793
0.820177 -0.627691
0.845309 -0.647056
0.870442 -0.666012
0.895575 -0.684547
0.920708 -0.70265
0.94584 -0.720309
0.970973 -0.737513
0.996106 -0.754251
0.021239 -0.770513
0.046371 -0.786288
0.071504 -0.801567
0.096637 -0.816339
0.12177 -0.830596
0.146902 -0.844328
0.172035 -0.857527
0.197168 -0.870184
0.222301 -0.882291
0.247433 -0.893841
0.272566 -0.904827
0.297699 -0.915241
0.322831 -0.925077
0.347964 -0.934329
0.373097 -0.942991
0.39823 -0.951057
0.423362 -0.958522
0.448495 -0.965382
0.473628 -0.971632
0.498761 -0.977268
0.523893 -0.982287
0.549026 -0.986686
0.574159 -0.990461
0.599292 -0.993611
0.624424 -0.996134
0.649557 -0.998027
0.67469 -0.999289
0.699823 -0.999921
0.724955 -0.999921
0.750088 -0.999289
0.775221 -0.998027
0.800354 -0.996134
0.825486 -0.993611
0.850619 -0.990461
0.875752 -0.986686
0.900885 -0.982287
0.926017 -0.977268
0.95115 -0.971632
0.976283 -0.965382
0.001416 -0.958522
0.026548 -0.951057
0.051681 -0.942991
0.076814 -0.934329
0.101946 -0.925077
0.127079 -0.915241
0.152212 -0.904827
0.177345 -0.893841
0.202477 -0.882291
0.22761 -0.870184
0.252743 -0.857527
0.277876 -0.844328
0.303008 -0.830596
0.328141 -0.816339
0.353274 -0.801567
0.378407 -0.786288
0.403539 -0.770513
0.428672 -0.754251
0.453805 -0.737513
0.478938 -0.720309
0.50407 -0.70265
0.529203 -0.684547
0.554336 -0.666012
0.579469 -0.647056
0.604601 -0.627691
0.629734 -0.60793
0.654867 -0.587785
0.68 -0.567269
0.705132 -0.546394
0.730265 -0.525175
0.755398 -0.503623
0.78053 -0.481754
0.805663 -0.45958
0.830796 -0.437116
0.855929 -0.414376
0.881061 -0.391374
0.906194 -0.368125
0.931327 -0.344643
0.95646 -0.320944
0.981592 -0.297042
0.006725 -0.272952
0.031858 -0.24869
0.056991 -0.224271
0.082123 -0.19971
0.107256 -0.175023
0.132389 -0.150226
0.157522 -0.125333
0.182654 -0.100362
0.207787 -0.075327
0.23292 -0.050244
0.258053 -0.02513
0.283185 -0
0.308318 0.02513
0.333451 0.050244
0.358584 0.075327
0.383716 0.100362
0.408849 0.125333
0.433982 0.150226
0.459114 0.175023
0.484247 0.19971
0.50938 0.224271
0.534513 0.24869
0.559645 0.272952
0.584778 0.297042
0.609911 0.320944
0.635044 0.344643
0.660176 0.368125
0.685309 0.391374
0.710442 0.414376
0.735575 0.437116
0.760707 0.45958
0.78584 0.481754
0.810973 0.503623
0.836106 0.525175
0.861238 0.546394
0.886371 0.567269
0.911504 0.587785
0.936637 0.60793
0.961769 0.627691
0.986902 0.647056
0.012035 0.666012
0.037168 0.684547
0.0623 0.70265
0.087433 0.720309
0.112566 0.737513
0.137699 0.754251
0.162831 0.770513
0.187964 0.786288
0.213097 0.801567
0.238229 0.816339
0.263362 0.830596
0.288495 0.844328
0.313628 0.857527
0.33876 0.870184
0.363893 0.882291
0.389026 0.893841
0.414159 0.904827
0.439291 0.915241
0.464424 0.925077
0.489557 0.934329
0.51469 0.942991
0.539822 0.951057
0.564955 0.958522
0.590088 0.965382
0.615221 0.971632
0.640353 0.977268
0.665486 0.982287
0.690619 0.986686
0.715752 0.990461
0.740884 0.993611
0.766017 0.996134
0.79115 0.998027
0.816283 0.999289
0.841415 0.999921
0.866548 0.999921
0.891681 0.999289
0.916813 0.998027
0.941946 0.996134
0.967079 0.993611
0.992212 0.990461
0.017344 0.986686
0.042477 0.982287
0.06761 0.977268
0.092743 0.971632
0.117875 0.965382
0.143008 0.958522
0.168141 0.951057
0.193274 0.942991
0.218406 0.934329
0.243539 0.925077
0.268672 0.915241
0.293805 0.904827
0.318937 0.893841
0.34407 0.882291
0.369203 0.870184
0.394336 0.857527
0.419468 0.844328
0.444601 0.830596
0.469734 0.816339
0.494867 0.801567
0.519999 0.786288
0.545132 0.770513
0.570265 0.754251
0.595398 0.737513
0.62053 0.720309
0.645663 0.70265
0.670796 0.684547
0.695928 0.666012
0.721061 0.647056
0.746194 0.627691
0.771327 0.60793
0.796459 0.587785
0.821592 0.567269
0.846725 0.546394
0.871858 0.525175
0.89699 0.503623
0.922123 0.481754
0.947256 0.45958
0.972389 0.437116
0.997521 0.414376
0.022654 0.391374
0.047787 0.368125
0.07292 0.344643
0.098052 0.320944
0.123185 0.297042
0.148318 0.272952
0.173451 0.24869
0.198583 0.224271
0.223716 0.19971
0.248849 0.175023
0.273982 0.150226
0.299114 0.125333
0.324247 0.100362
0.34938 0.075327
0.374512 0.050244
0.399645 0.02513
0.424778 0
0.449911 -0.02513
0.475043 -0.050244
0.500176 -0.075327
0.525309 -0.100362
0.550442 -0.125333
0.575574 -0.150226
0.600707 -0.175023
0.62584 -0.19971
0.650973 -0.224271
0.676105 -0.24869
0.701238 -0.272952
0.726371 -0.297042
0.751504 -0.320944
0.776636 -0.344643
0.801769 -0.368125
0.826902 -0.391374
0.852035 -0.414376
0.877167 -0.437116
0.9023 -0.45958
0.927433 -0.481754
0.952566 -0.503623
0.977698 -0.525175
0.002831 -0.546394
0.027964 -0.567269
0.053096 -0.587785
0.078229 -0.60793
0.103362 -0.627691
0.128495 -0.647056
0.153627 -0.666012
0.17876 -0.684547
0.203893 -0.70265
0.229026 -0.720309
0.254158 -0.737513
0.279291 -0.754251
0.304424 -0.770513
0.329557 -0.786288
0.354689 -0.801567
0.379822 -0.816339
0.404955 -0.830596
0.430088 -0.844328
0.45522 -0.857527
0.480353 -0.870184
0.505486 -0.882291
0.530619 -0.893841
0.555751 -0.904827
0.580884 -0.915241
0.606017 -0.925077
0.63115 -0.934329
0.656282 -0.942991
0.681415 -0.951057
0.706548 -0.958522
0.731681 -0.965382
0.756813 -0.971632
0.781946 -0.977268
0.807079 -0.982287
0.832211 -0.986686
0.857344 -0.990461
0.882477 -0.993611
0.90761 -0.996134
0.932742 -0.998027
0.957875 -0.999289
0.983008 -0.999921
0.008141 -0.999921
0.033273 -0.999289
0.058406 -0.998027
0.083539 -0.996134
0.108672 -0.993611
0.133804 -0.990461
0.158937 -0.986686
0.18407 -0.982287
0.209203 -0.977268
0.234335 -0.971632
0.259468 -0.965382
0.284601 -0.958522
0.309734 -0.951057
0.334866 -0.942991
0.359999 -0.934329
0.385132 -0.925077
0.410265 -0.915241
0.435397 -0.904827
0.46053 -0.893841
0.485663 -0.882291
0.510795 -0.870184
0.535928 -0.857527
0.561061 -0.844328
0.586194 -0.830596
0.611326 -0.816339
0.636459 -0.801567
0.661592 -0.786288
0.686725 -0.770513
0.711857 -0.754251
0.73699 -0.737513
0.762123 -0.720309
0.787256 -0.70265
0.812388 -0.684547
0.837521 -0.666012
0.862654 -0.647056
0.887787 -0.627691
0.912919 -0.60793
0.938052 -0.587785
0.963185 -0.567269
0.988318 -0.546394
0.01345 -0.525175
0.038583 -0.503623
0.063716 -0.481754
0.088849 -0.45958
0.113981 -0.437116
0.139114 -0.414376
0.164247 -0.391374
0.189379 -0.368125
0.214512 -0.344643
0.239645 -0.320944
0.264778 -0.297042
0.28991 -0.272952
0.315043 -0.24869
0.340176 -0.224271
0.365309 -0.19971
0.390441 -0.175023
0.415574 -0.150226
0.440707 -0.125333
0.46584 -0.100362
0.490972 -0.075327
0.516105 -0.050244
