0.000000 0.000000
0.025133 0.025130
0.050265 0.050244
0.075398 0.075327
0.100531 0.100362
0.125664 0.125333
0.150796 0.150226
0.175929 0.175023
0.201062 0.199710
0.226195 0.224271
0.251327 0.248690
0.276460 0.272952
0.301593 0.297042
0.326726 0.320944
0.351858 0.344643
0.376991 0.368125
0.402124 0.391374
0.427257 0.414376
0.452389 0.437116
0.477522 0.459580
0.502655 0.481754
0.527788 0.503623
0.552920 0.525175
0.578053 0.546394
0.603186 0.567269
0.628319 0.587785
0.653451 0.607930
0.678584 0.627691
0.703717 0.647056
0.728849 0.666012
0.753982 0.684547
0.779115 0.702650
0.804248 0.720309
0.829380 0.737513
0.854513 0.754251
0.879646 0.770513
0.904779 0.786288
0.929911 0.801567
0.955044 0.816339
0.980177 0.830596
1.005310 0.844328
1.030442 0.857527
1.055575 0.870184
1.080708 0.882291
1.105841 0.893841
1.130973 0.904827
1.156106 0.915241
1.181239 0.925077
1.206372 0.934329
1.231504 0.942991
1.256637 0.951057
1.281770 0.958522
1.306903 0.965382
1.332035 0.971632
1.357168 0.977268
1.382301 0.982287
1.407434 0.986686
1.432566 0.990461
1.457699 0.993611
1.482832 0.996134
1.507964 0.998027
1.533097 0.999289
1.558230 0.999921
1.583363 0.999921
1.608495 0.999289
1.633628 0.998027
1.658761 0.996134
1.683894 0.993611
1.709026 0.990461
1.734159 0.986686
1.759292 0.982287
1.784425 0.977268
1.809557 0.971632
1.834690 0.965382
1.859823 0.958522
1.884956 0.951057
1.910088 0.942991
1.935221 0.934329
1.960354 0.925077
1.985487 0.915241
2.010619 0.904827
2.035752 0.893841
2.060885 0.882291
2.086018 0.870184
2.111150 0.857527
2.136283 0.844328
2.161416 0.830596
2.186548 0.816339
2.211681 0.801567
2.236814 0.786288
2.261947 0.770513
2.287079 0.754251
2.312212 0.737513
2.337345 0.720309
2.362478 0.702650
2.387610 0.684547
2.412743 0.666012
2.437876 0.647056
2.463009 0.627691
2.488141 0.607930
2.513274 0.587785
2.538407 0.567269
2.563540 0.546394
2.588672 0.525175
2.613805 0.503623
2.638938 0.481754
2.664071 0.459580
2.689203 0.437116
2.714336 0.414376
2.739469 0.391374
2.764602 0.368125
2.789734 0.344643
2.814867 0.320944
2.840000 0.297042
2.865133 0.272952
2.890265 0.248690
2.915398 0.224271
2.940531 0.199710
2.965663 0.175023
2.990796 0.150226
3.015929 0.125333
3.041062 0.100362
3.066194 0.075327
3.091327 0.050244
3.116460 0.025130
3.141593 0.000000
3.166725 -0.025130
3.191858 -0.050244
3.216991 -0.075327
3.242124 -0.100362
3.267256 -0.125333
3.292389 -0.150226
3.317522 -0.175023
3.342655 -0.199710
3.367787 -0.224271
3.392920 -0.248690
3.418053 -0.272952
3.443186 -0.297042
3.468318 -0.320944
3.493451 -0.344643
3.518584 -0.368125
3.543717 -0.391374
3.568849 -0.414376
3.593982 -0.437116
3.619115 -0.459580
3.644247 -0.481754
3.669380 -0.503623
3.694513 -0.525175
3.719646 -0.546394
3.744778 -0.567269
3.769911 -0.587785
3.795044 -0.607930
3.820177 -0.627691
3.845309 -0.647056
3.870442 -0.666012
3.895575 -0.684547
3.920708 -0.702650
3.945840 -0.720309
3.970973 -0.737513
3.996106 -0.754251
4.021239 -0.770513
4.046371 -0.786288
4.071504 -0.801567
4.096637 -0.816339
4.121770 -0.830596
4.146902 -0.844328
4.172035 -0.857527
4.197168 -0.870184
4.222301 -0.882291
4.247433 -0.893841
4.272566 -0.904827
4.297699 -0.915241
4.322831 -0.925077
4.347964 -0.934329
4.373097 -0.942991
4.398230 -0.951057
4.423362 -0.958522
4.448495 -0.965382
4.473628 -0.971632
4.498761 -0.977268
4.523893 -0.982287
4.549026 -0.986686
4.574159 -0.990461
4.599292 -0.993611
4.624424 -0.996134
4.649557 -0.998027
4.674690 -0.999289
4.699823 -0.999921
4.724955 -0.999921
4.750088 -0.999289
4.775221 -0.998027
4.800354 -0.996134
4.825486 -0.993611
4.850619 -0.990461
4.875752 -0.986686
4.900885 -0.982287
4.926017 -0.977268
4.951150 -0.971632
4.976283 -0.965382
5.001416 -0.958522
5.026548 -0.951057
5.051681 -0.942991
5.076814 -0.934329
5.101946 -0.925077
5.127079 -0.915241
5.152212 -0.904827
5.177345 -0.893841
5.202477 -0.882291
5.227610 -0.870184
5.252743 -0.857527
5.277876 -0.844328
5.303008 -0.830596
5.328141 -0.816339
5.353274 -0.801567
5.378407 -0.786288
5.403539 -0.770513
5.428672 -0.754251
5.453805 -0.737513
5.478938 -0.720309
5.504070 -0.702650
5.529203 -0.684547
5.554336 -0.666012
5.579469 -0.647056
5.604601 -0.627691
5.629734 -0.607930
5.654867 -0.587785
5.680000 -0.567269
5.705132 -0.546394
5.730265 -0.525175
5.755398 -0.503623
5.780530 -0.481754
5.805663 -0.459580
5.830796 -0.437116
5.855929 -0.414376
5.881061 -0.391374
5.906194 -0.368125
5.931327 -0.344643
5.956460 -0.320944
5.981592 -0.297042
6.006725 -0.272952
6.031858 -0.248690
6.056991 -0.224271
6.082123 -0.199710
6.107256 -0.175023
6.132389 -0.150226
6.157522 -0.125333
6.182654 -0.100362
6.207787 -0.075327
6.232920 -0.050244
6.258053 -0.025130
6.283185 -0.000000
6.308318 0.025130
6.333451 0.050244
6.358584 0.075327
6.383716 0.100362
6.408849 0.125333
6.433982 0.150226
6.459114 0.175023
6.484247 0.199710
6.509380 0.224271
6.534513 0.248690
6.559645 0.272952
6.584778 0.297042
6.609911 0.320944
6.635044 0.344643
6.660176 0.368125
6.685309 0.391374
6.710442 0.414376
6.735575 0.437116
6.760707 0.459580
6.785840 0.481754
6.810973 0.503623
6.836106 0.525175
6.861238 0.546394
6.886371 0.567269
6.911504 0.587785
6.936637 0.607930
6.961769 0.627691
6.986902 0.647056
7.012035 0.666012
7.037168 0.684547
7.062300 0.702650
7.087433 0.720309
7.112566 0.737513
7.137699 0.754251
7.162831 0.770513
7.187964 0.786288
7.213097 0.801567
7.238229 0.816339
7.263362 0.830596
7.288495 0.844328
7.313628 0.857527
7.338760 0.870184
7.363893 0.882291
7.389026 0.893841
7.414159 0.904827
7.439291 0.915241
7.464424 0.925077
7.489557 0.934329
7.514690 0.942991
7.539822 0.951057
7.564955 0.958522
7.590088 0.965382
7.615221 0.971632
7.640353 0.977268
7.665486 0.982287
7.690619 0.986686
7.715752 0.990461
7.740884 0.993611
7.766017 0.996134
7.791150 0.998027
7.816283 0.999289
7.841415 0.999921
7.866548 0.999921
7.891681 0.999289
7.916813 0.998027
7.941946 0.996134
7.967079 0.993611
7.992212 0.990461
8.017344 0.986686
8.042477 0.982287
8.067610 0.977268
8.092743 0.971632
8.117875 0.965382
8.143008 0.958522
8.168141 0.951057
8.193274 0.942991
8.218406 0.934329
8.243539 0.925077
8.268672 0.915241
8.293805 0.904827
8.318937 0.893841
8.344070 0.882291
8.369203 0.870184
8.394336 0.857527
8.419468 0.844328
8.444601 0.830596
8.469734 0.816339
8.494867 0.801567
8.519999 0.786288
8.545132 0.770513
8.570265 0.754251
8.595398 0.737513
8.620530 0.720309
8.645663 0.702650
8.670796 0.684547
8.695928 0.666012
8.721061 0.647056
8.746194 0.627691
8.771327 0.607930
8.796459 0.587785
8.821592 0.567269
8.846725 0.546394
8.871858 0.525175
8.896990 0.503623
8.922123 0.481754
8.947256 0.459580
8.972389 0.437116
8.997521 0.414376
9.022654 0.391374
9.047787 0.368125
9.072920 0.344643
9.098052 0.320944
9.123185 0.297042
9.148318 0.272952
9.173451 0.248690
9.198583 0.224271
9.223716 0.199710
9.248849 0.175023
9.273982 0.150226
9.299114 0.125333
9.324247 0.100362
9.349380 0.075327
9.374512 0.050244
9.399645 0.025130
9.424778 0.000000
9.449911 -0.025130
9.475043 -0.050244
9.500176 -0.075327
9.525309 -0.100362
9.550442 -0.125333
9.575574 -0.150226
9.600707 -0.175023
9.625840 -0.199710
9.650973 -0.224271
9.676105 -0.248690
9.701238 -0.272952
9.726371 -0.297042
9.751504 -0.320944
9.776636 -0.344643
9.801769 -0.368125
9.826902 -0.391374
9.852035 -0.414376
9.877167 -0.437116
9.902300 -0.459580
9.927433 -0.481754
9.952566 -0.503623
9.977698 -0.525175
10.002831 -0.546394
10.027964 -0.567269
10.053096 -0.587785
10.078229 -0.607930
10.103362 -0.627691
10.128495 -0.647056
10.153627 -0.666012
10.178760 -0.684547
10.203893 -0.702650
10.229026 -0.720309
10.254158 -0.737513
10.279291 -0.754251
10.304424 -0.770513
10.329557 -0.786288
10.354689 -0.801567
10.379822 -0.816339
10.404955 -0.830596
10.430088 -0.844328
10.455220 -0.857527
10.480353 -0.870184
10.505486 -0.882291
10.530619 -0.893841
10.555751 -0.904827
10.580884 -0.915241
10.606017 -0.925077
10.631150 -0.934329
10.656282 -0.942991
10.681415 -0.951057
10.706548 -0.958522
10.731681 -0.965382
10.756813 -0.971632
10.781946 -0.977268
10.807079 -0.982287
10.832211 -0.986686
10.857344 -0.990461
10.882477 -0.993611
10.907610 -0.996134
10.932742 -0.998027
10.957875 -0.999289
10.983008 -0.999921
11.008141 -0.999921
11.033273 -0.999289
11.058406 -0.998027
11.083539 -0.996134
11.108672 -0.993611
11.133804 -0.990461
11.158937 -0.986686
11.184070 -0.982287
11.209203 -0.977268
11.234335 -0.971632
11.259468 -0.965382
11.284601 -0.958522
11.309734 -0.951057
11.334866 -0.942991
11.359999 -0.934329
11.385132 -0.925077
11.410265 -0.915241
11.435397 -0.904827
11.460530 -0.893841
11.485663 -0.882291
11.510795 -0.870184
11.535928 -0.857527
11.561061 -0.844328
11.586194 -0.830596
11.611326 -0.816339
11.636459 -0.801567
11.661592 -0.786288
11.686725 -0.770513
11.711857 -0.754251
11.736990 -0.737513
11.762123 -0.720309
11.787256 -0.702650
11.812388 -0.684547
11.837521 -0.666012
11.862654 -0.647056
11.887787 -0.627691
11.912919 -0.607930
11.938052 -0.587785
11.963185 -0.567269
11.988318 -0.546394
12.013450 -0.525175
12.038583 -0.503623
12.063716 -0.481754
12.088849 -0.459580
12.113981 -0.437116
12.139114 -0.414376
12.164247 -0.391374
12.189379 -0.368125
12.214512 -0.344643
12.239645 -0.320944
12.264778 -0.297042
12.289910 -0.272952
12.315043 -0.248690
12.340176 -0.224271
12.365309 -0.199710
12.390441 -0.175023
12.415574 -0.150226
12.440707 -0.125333
12.465840 -0.100362
12.490972 -0.075327
12.516105 -0.050244
12.541238 -0.025130